{
 "cells": [
  {
   "cell_type": "code",
   "execution_count": 1,
   "id": "9968ccff",
   "metadata": {},
   "outputs": [],
   "source": [
    "import numpy as np\n",
    "import pandas as pd\n",
    "import statsmodels.api as sm\n",
    "import matplotlib.pyplot as plt\n",
    "from patsy import dmatrices\n",
    "from sklearn.linear_model import LogisticRegression \n",
    "from sklearn.model_selection import train_test_split \n",
    "from sklearn import metrics \n",
    "\n",
    "dta = sm.datasets.fair.load_pandas().data"
   ]
  },
  {
   "cell_type": "code",
   "execution_count": 2,
   "id": "3633a339",
   "metadata": {},
   "outputs": [],
   "source": [
    "dta[\"affair\"] = (dta.affairs > 0).astype(int)\n",
    "y, X = dmatrices(\"affair ~ rate_marriage + age + yrs_married + children + religious + educ + C(occupation) + C(occupation_husb)\", dta, return_type=\"dataframe\")\n",
    "X = X.rename(columns =\n",
    "{\"C(occupation)[T.2.0]\":\"occ_2\",\n",
    "\"C(occupation)[T.3.0]\":\"occ_3\",\n",
    "\"C(occupation)[T.4.0]\":\"occ_4\",\n",
    "\"C(occupation)[T.5.0]\":\"occ_5\",\n",
    "\"C(occupation)[T.6.0]\":\"occ_6\",\n",
    "\"C(occupation_husb)[T.2.0]\":\"occ_husb_2\",\n",
    "\"C(occupation_husb)[T.3.0]\":\"occ_husb_3\",\n",
    "\"C(occupation_husb)[T.4.0]\":\"occ_husb_4\",\n",
    "\"C(occupation_husb)[T.5.0]\":\"occ_husb_5\",\n",
    "\"C(occupation_husb)[T.6.0]\":\"occ_husb_6\"})\n",
    "y = np.ravel(y)"
   ]
  },
  {
   "cell_type": "code",
   "execution_count": 17,
   "id": "4fb2f6fe",
   "metadata": {},
   "outputs": [
    {
     "data": {
      "text/html": [
       "<div>\n",
       "<style scoped>\n",
       "    .dataframe tbody tr th:only-of-type {\n",
       "        vertical-align: middle;\n",
       "    }\n",
       "\n",
       "    .dataframe tbody tr th {\n",
       "        vertical-align: top;\n",
       "    }\n",
       "\n",
       "    .dataframe thead th {\n",
       "        text-align: right;\n",
       "    }\n",
       "</style>\n",
       "<table border=\"1\" class=\"dataframe\">\n",
       "  <thead>\n",
       "    <tr style=\"text-align: right;\">\n",
       "      <th></th>\n",
       "      <th>occ_2</th>\n",
       "      <th>occ_3</th>\n",
       "      <th>occ_4</th>\n",
       "      <th>occ_5</th>\n",
       "      <th>occ_6</th>\n",
       "      <th>occ_husb_2</th>\n",
       "      <th>occ_husb_3</th>\n",
       "      <th>occ_husb_4</th>\n",
       "      <th>occ_husb_5</th>\n",
       "      <th>occ_husb_6</th>\n",
       "      <th>rate_marriage</th>\n",
       "      <th>age</th>\n",
       "      <th>yrs_married</th>\n",
       "      <th>children</th>\n",
       "      <th>religious</th>\n",
       "      <th>educ</th>\n",
       "    </tr>\n",
       "  </thead>\n",
       "  <tbody>\n",
       "    <tr>\n",
       "      <th>0</th>\n",
       "      <td>1.0</td>\n",
       "      <td>0.0</td>\n",
       "      <td>0.0</td>\n",
       "      <td>0.0</td>\n",
       "      <td>0.0</td>\n",
       "      <td>0.0</td>\n",
       "      <td>0.0</td>\n",
       "      <td>0.0</td>\n",
       "      <td>1.0</td>\n",
       "      <td>0.0</td>\n",
       "      <td>3.0</td>\n",
       "      <td>32.0</td>\n",
       "      <td>9.0</td>\n",
       "      <td>3.0</td>\n",
       "      <td>3.0</td>\n",
       "      <td>17.0</td>\n",
       "    </tr>\n",
       "    <tr>\n",
       "      <th>1</th>\n",
       "      <td>0.0</td>\n",
       "      <td>1.0</td>\n",
       "      <td>0.0</td>\n",
       "      <td>0.0</td>\n",
       "      <td>0.0</td>\n",
       "      <td>0.0</td>\n",
       "      <td>0.0</td>\n",
       "      <td>1.0</td>\n",
       "      <td>0.0</td>\n",
       "      <td>0.0</td>\n",
       "      <td>3.0</td>\n",
       "      <td>27.0</td>\n",
       "      <td>13.0</td>\n",
       "      <td>3.0</td>\n",
       "      <td>1.0</td>\n",
       "      <td>14.0</td>\n",
       "    </tr>\n",
       "    <tr>\n",
       "      <th>2</th>\n",
       "      <td>0.0</td>\n",
       "      <td>1.0</td>\n",
       "      <td>0.0</td>\n",
       "      <td>0.0</td>\n",
       "      <td>0.0</td>\n",
       "      <td>0.0</td>\n",
       "      <td>0.0</td>\n",
       "      <td>0.0</td>\n",
       "      <td>1.0</td>\n",
       "      <td>0.0</td>\n",
       "      <td>4.0</td>\n",
       "      <td>22.0</td>\n",
       "      <td>2.5</td>\n",
       "      <td>0.0</td>\n",
       "      <td>1.0</td>\n",
       "      <td>16.0</td>\n",
       "    </tr>\n",
       "    <tr>\n",
       "      <th>3</th>\n",
       "      <td>0.0</td>\n",
       "      <td>0.0</td>\n",
       "      <td>0.0</td>\n",
       "      <td>1.0</td>\n",
       "      <td>0.0</td>\n",
       "      <td>0.0</td>\n",
       "      <td>0.0</td>\n",
       "      <td>0.0</td>\n",
       "      <td>1.0</td>\n",
       "      <td>0.0</td>\n",
       "      <td>4.0</td>\n",
       "      <td>37.0</td>\n",
       "      <td>16.5</td>\n",
       "      <td>4.0</td>\n",
       "      <td>3.0</td>\n",
       "      <td>16.0</td>\n",
       "    </tr>\n",
       "    <tr>\n",
       "      <th>4</th>\n",
       "      <td>0.0</td>\n",
       "      <td>1.0</td>\n",
       "      <td>0.0</td>\n",
       "      <td>0.0</td>\n",
       "      <td>0.0</td>\n",
       "      <td>0.0</td>\n",
       "      <td>0.0</td>\n",
       "      <td>1.0</td>\n",
       "      <td>0.0</td>\n",
       "      <td>0.0</td>\n",
       "      <td>5.0</td>\n",
       "      <td>27.0</td>\n",
       "      <td>9.0</td>\n",
       "      <td>1.0</td>\n",
       "      <td>1.0</td>\n",
       "      <td>14.0</td>\n",
       "    </tr>\n",
       "  </tbody>\n",
       "</table>\n",
       "</div>"
      ],
      "text/plain": [
       "   occ_2  occ_3  occ_4  occ_5  occ_6  occ_husb_2  occ_husb_3  occ_husb_4  \\\n",
       "0    1.0    0.0    0.0    0.0    0.0         0.0         0.0         0.0   \n",
       "1    0.0    1.0    0.0    0.0    0.0         0.0         0.0         1.0   \n",
       "2    0.0    1.0    0.0    0.0    0.0         0.0         0.0         0.0   \n",
       "3    0.0    0.0    0.0    1.0    0.0         0.0         0.0         0.0   \n",
       "4    0.0    1.0    0.0    0.0    0.0         0.0         0.0         1.0   \n",
       "\n",
       "   occ_husb_5  occ_husb_6  rate_marriage   age  yrs_married  children  \\\n",
       "0         1.0         0.0            3.0  32.0          9.0       3.0   \n",
       "1         0.0         0.0            3.0  27.0         13.0       3.0   \n",
       "2         1.0         0.0            4.0  22.0          2.5       0.0   \n",
       "3         1.0         0.0            4.0  37.0         16.5       4.0   \n",
       "4         0.0         0.0            5.0  27.0          9.0       1.0   \n",
       "\n",
       "   religious  educ  \n",
       "0        3.0  17.0  \n",
       "1        1.0  14.0  \n",
       "2        1.0  16.0  \n",
       "3        3.0  16.0  \n",
       "4        1.0  14.0  "
      ]
     },
     "execution_count": 17,
     "metadata": {},
     "output_type": "execute_result"
    }
   ],
   "source": [
    "X.head()"
   ]
  },
  {
   "cell_type": "code",
   "execution_count": 3,
   "id": "a21121ad",
   "metadata": {},
   "outputs": [
    {
     "name": "stdout",
     "output_type": "stream",
     "text": [
      "<class 'pandas.core.frame.DataFrame'>\n",
      "Int64Index: 6366 entries, 0 to 6365\n",
      "Data columns (total 17 columns):\n",
      " #   Column         Non-Null Count  Dtype  \n",
      "---  ------         --------------  -----  \n",
      " 0   Intercept      6366 non-null   float64\n",
      " 1   occ_2          6366 non-null   float64\n",
      " 2   occ_3          6366 non-null   float64\n",
      " 3   occ_4          6366 non-null   float64\n",
      " 4   occ_5          6366 non-null   float64\n",
      " 5   occ_6          6366 non-null   float64\n",
      " 6   occ_husb_2     6366 non-null   float64\n",
      " 7   occ_husb_3     6366 non-null   float64\n",
      " 8   occ_husb_4     6366 non-null   float64\n",
      " 9   occ_husb_5     6366 non-null   float64\n",
      " 10  occ_husb_6     6366 non-null   float64\n",
      " 11  rate_marriage  6366 non-null   float64\n",
      " 12  age            6366 non-null   float64\n",
      " 13  yrs_married    6366 non-null   float64\n",
      " 14  children       6366 non-null   float64\n",
      " 15  religious      6366 non-null   float64\n",
      " 16  educ           6366 non-null   float64\n",
      "dtypes: float64(17)\n",
      "memory usage: 895.2 KB\n"
     ]
    }
   ],
   "source": [
    "X.info()"
   ]
  },
  {
   "cell_type": "markdown",
   "id": "8b870442",
   "metadata": {},
   "source": [
    "### Implementing the model"
   ]
  },
  {
   "cell_type": "code",
   "execution_count": 4,
   "id": "3b29fa1f",
   "metadata": {},
   "outputs": [
    {
     "name": "stdout",
     "output_type": "stream",
     "text": [
      "Optimization terminated successfully.\n",
      "         Current function value: 0.542911\n",
      "         Iterations 6\n",
      "                          Results: Logit\n",
      "==================================================================\n",
      "Model:              Logit            Pseudo R-squared: 0.137      \n",
      "Dependent Variable: y                AIC:              6946.3465  \n",
      "Date:               2022-07-04 20:10 BIC:              7061.2449  \n",
      "No. Observations:   6366             Log-Likelihood:   -3456.2    \n",
      "Df Model:           16               LL-Null:          -4002.5    \n",
      "Df Residuals:       6349             LLR p-value:      1.5339e-222\n",
      "Converged:          1.0000           Scale:            1.0000     \n",
      "No. Iterations:     6.0000                                        \n",
      "------------------------------------------------------------------\n",
      "                   Coef.  Std.Err.    z     P>|z|   [0.025  0.975]\n",
      "------------------------------------------------------------------\n",
      "Intercept          2.9708   0.5722   5.1917 0.0000  1.8492  4.0923\n",
      "occ_2              0.3902   0.4476   0.8719 0.3832 -0.4869  1.2674\n",
      "occ_3              0.7027   0.4415   1.5917 0.1114 -0.1626  1.5679\n",
      "occ_4              0.4714   0.4425   1.0652 0.2868 -0.3959  1.3387\n",
      "occ_5              1.0542   0.4466   2.3603 0.0183  0.1788  1.9296\n",
      "occ_6              1.1080   0.4942   2.2420 0.0250  0.1394  2.0767\n",
      "occ_husb_2         0.1704   0.1861   0.9160 0.3597 -0.1943  0.5352\n",
      "occ_husb_3         0.2842   0.2022   1.4057 0.1598 -0.1121  0.6804\n",
      "occ_husb_4         0.1428   0.1810   0.7892 0.4300 -0.2119  0.4976\n",
      "occ_husb_5         0.1723   0.1826   0.9436 0.3454 -0.1856  0.5303\n",
      "occ_husb_6         0.1828   0.2037   0.8974 0.3695 -0.2164  0.5819\n",
      "rate_marriage     -0.7102   0.0315 -22.5600 0.0000 -0.7719 -0.6485\n",
      "age               -0.0613   0.0103  -5.9361 0.0000 -0.0815 -0.0410\n",
      "yrs_married        0.1080   0.0110   9.8364 0.0000  0.0865  0.1295\n",
      "children           0.0156   0.0321   0.4881 0.6255 -0.0472  0.0785\n",
      "religious         -0.3754   0.0349 -10.7657 0.0000 -0.4437 -0.3070\n",
      "educ              -0.0017   0.0174  -0.0992 0.9210 -0.0358  0.0324\n",
      "==================================================================\n",
      "\n"
     ]
    }
   ],
   "source": [
    "logit_model=sm.Logit(y,X)\n",
    "result=logit_model.fit()\n",
    "print(result.summary2())"
   ]
  },
  {
   "cell_type": "code",
   "execution_count": 5,
   "id": "e7b8358f",
   "metadata": {},
   "outputs": [
    {
     "data": {
      "text/html": [
       "<div>\n",
       "<style scoped>\n",
       "    .dataframe tbody tr th:only-of-type {\n",
       "        vertical-align: middle;\n",
       "    }\n",
       "\n",
       "    .dataframe tbody tr th {\n",
       "        vertical-align: top;\n",
       "    }\n",
       "\n",
       "    .dataframe thead th {\n",
       "        text-align: right;\n",
       "    }\n",
       "</style>\n",
       "<table border=\"1\" class=\"dataframe\">\n",
       "  <thead>\n",
       "    <tr style=\"text-align: right;\">\n",
       "      <th></th>\n",
       "      <th>Intercept</th>\n",
       "      <th>occ_2</th>\n",
       "      <th>occ_3</th>\n",
       "      <th>occ_4</th>\n",
       "      <th>occ_5</th>\n",
       "      <th>occ_6</th>\n",
       "      <th>occ_husb_2</th>\n",
       "      <th>occ_husb_3</th>\n",
       "      <th>occ_husb_4</th>\n",
       "      <th>occ_husb_5</th>\n",
       "      <th>occ_husb_6</th>\n",
       "      <th>rate_marriage</th>\n",
       "      <th>age</th>\n",
       "      <th>yrs_married</th>\n",
       "      <th>children</th>\n",
       "      <th>religious</th>\n",
       "      <th>educ</th>\n",
       "    </tr>\n",
       "  </thead>\n",
       "  <tbody>\n",
       "    <tr>\n",
       "      <th>Intercept</th>\n",
       "      <td>NaN</td>\n",
       "      <td>NaN</td>\n",
       "      <td>NaN</td>\n",
       "      <td>NaN</td>\n",
       "      <td>NaN</td>\n",
       "      <td>NaN</td>\n",
       "      <td>NaN</td>\n",
       "      <td>NaN</td>\n",
       "      <td>NaN</td>\n",
       "      <td>NaN</td>\n",
       "      <td>NaN</td>\n",
       "      <td>NaN</td>\n",
       "      <td>NaN</td>\n",
       "      <td>NaN</td>\n",
       "      <td>NaN</td>\n",
       "      <td>NaN</td>\n",
       "      <td>NaN</td>\n",
       "    </tr>\n",
       "    <tr>\n",
       "      <th>occ_2</th>\n",
       "      <td>NaN</td>\n",
       "      <td>1.000000</td>\n",
       "      <td>-0.348075</td>\n",
       "      <td>-0.251243</td>\n",
       "      <td>-0.143237</td>\n",
       "      <td>-0.052128</td>\n",
       "      <td>0.183782</td>\n",
       "      <td>-0.020904</td>\n",
       "      <td>-0.009786</td>\n",
       "      <td>-0.093292</td>\n",
       "      <td>-0.059107</td>\n",
       "      <td>-0.019697</td>\n",
       "      <td>-0.034223</td>\n",
       "      <td>0.004668</td>\n",
       "      <td>0.081182</td>\n",
       "      <td>-0.013129</td>\n",
       "      <td>-0.217719</td>\n",
       "    </tr>\n",
       "    <tr>\n",
       "      <th>occ_3</th>\n",
       "      <td>NaN</td>\n",
       "      <td>-0.348075</td>\n",
       "      <td>1.000000</td>\n",
       "      <td>-0.560645</td>\n",
       "      <td>-0.319631</td>\n",
       "      <td>-0.116322</td>\n",
       "      <td>-0.000638</td>\n",
       "      <td>0.090043</td>\n",
       "      <td>0.011248</td>\n",
       "      <td>0.003021</td>\n",
       "      <td>-0.101673</td>\n",
       "      <td>-0.053082</td>\n",
       "      <td>-0.066371</td>\n",
       "      <td>-0.021261</td>\n",
       "      <td>-0.063298</td>\n",
       "      <td>-0.034986</td>\n",
       "      <td>-0.335615</td>\n",
       "    </tr>\n",
       "    <tr>\n",
       "      <th>occ_4</th>\n",
       "      <td>NaN</td>\n",
       "      <td>-0.251243</td>\n",
       "      <td>-0.560645</td>\n",
       "      <td>1.000000</td>\n",
       "      <td>-0.230712</td>\n",
       "      <td>-0.083962</td>\n",
       "      <td>-0.083123</td>\n",
       "      <td>-0.043159</td>\n",
       "      <td>0.037341</td>\n",
       "      <td>-0.001946</td>\n",
       "      <td>0.085766</td>\n",
       "      <td>0.068882</td>\n",
       "      <td>0.040982</td>\n",
       "      <td>-0.026816</td>\n",
       "      <td>-0.003235</td>\n",
       "      <td>0.043996</td>\n",
       "      <td>0.477505</td>\n",
       "    </tr>\n",
       "    <tr>\n",
       "      <th>occ_5</th>\n",
       "      <td>NaN</td>\n",
       "      <td>-0.143237</td>\n",
       "      <td>-0.319631</td>\n",
       "      <td>-0.230712</td>\n",
       "      <td>1.000000</td>\n",
       "      <td>-0.047868</td>\n",
       "      <td>-0.053426</td>\n",
       "      <td>-0.044053</td>\n",
       "      <td>-0.039932</td>\n",
       "      <td>0.114903</td>\n",
       "      <td>0.006016</td>\n",
       "      <td>-0.002109</td>\n",
       "      <td>0.079533</td>\n",
       "      <td>0.076820</td>\n",
       "      <td>0.033274</td>\n",
       "      <td>0.004260</td>\n",
       "      <td>-0.022121</td>\n",
       "    </tr>\n",
       "    <tr>\n",
       "      <th>occ_6</th>\n",
       "      <td>NaN</td>\n",
       "      <td>-0.052128</td>\n",
       "      <td>-0.116322</td>\n",
       "      <td>-0.083962</td>\n",
       "      <td>-0.047868</td>\n",
       "      <td>1.000000</td>\n",
       "      <td>-0.046140</td>\n",
       "      <td>-0.029028</td>\n",
       "      <td>-0.043541</td>\n",
       "      <td>-0.030926</td>\n",
       "      <td>0.218824</td>\n",
       "      <td>0.008878</td>\n",
       "      <td>0.030676</td>\n",
       "      <td>-0.004912</td>\n",
       "      <td>-0.026830</td>\n",
       "      <td>0.011784</td>\n",
       "      <td>0.226920</td>\n",
       "    </tr>\n",
       "    <tr>\n",
       "      <th>occ_husb_2</th>\n",
       "      <td>NaN</td>\n",
       "      <td>0.183782</td>\n",
       "      <td>-0.000638</td>\n",
       "      <td>-0.083123</td>\n",
       "      <td>-0.053426</td>\n",
       "      <td>-0.046140</td>\n",
       "      <td>1.000000</td>\n",
       "      <td>-0.146849</td>\n",
       "      <td>-0.347951</td>\n",
       "      <td>-0.316693</td>\n",
       "      <td>-0.153248</td>\n",
       "      <td>-0.038992</td>\n",
       "      <td>-0.057368</td>\n",
       "      <td>-0.033451</td>\n",
       "      <td>0.001190</td>\n",
       "      <td>0.009990</td>\n",
       "      <td>-0.160756</td>\n",
       "    </tr>\n",
       "    <tr>\n",
       "      <th>occ_husb_3</th>\n",
       "      <td>NaN</td>\n",
       "      <td>-0.020904</td>\n",
       "      <td>0.090043</td>\n",
       "      <td>-0.043159</td>\n",
       "      <td>-0.044053</td>\n",
       "      <td>-0.029028</td>\n",
       "      <td>-0.146849</td>\n",
       "      <td>1.000000</td>\n",
       "      <td>-0.197588</td>\n",
       "      <td>-0.179838</td>\n",
       "      <td>-0.087024</td>\n",
       "      <td>-0.022514</td>\n",
       "      <td>0.011610</td>\n",
       "      <td>0.008046</td>\n",
       "      <td>-0.005538</td>\n",
       "      <td>0.008170</td>\n",
       "      <td>-0.052723</td>\n",
       "    </tr>\n",
       "    <tr>\n",
       "      <th>occ_husb_4</th>\n",
       "      <td>NaN</td>\n",
       "      <td>-0.009786</td>\n",
       "      <td>0.011248</td>\n",
       "      <td>0.037341</td>\n",
       "      <td>-0.039932</td>\n",
       "      <td>-0.043541</td>\n",
       "      <td>-0.347951</td>\n",
       "      <td>-0.197588</td>\n",
       "      <td>1.000000</td>\n",
       "      <td>-0.426115</td>\n",
       "      <td>-0.206198</td>\n",
       "      <td>0.003303</td>\n",
       "      <td>-0.048989</td>\n",
       "      <td>-0.031121</td>\n",
       "      <td>-0.008032</td>\n",
       "      <td>-0.008491</td>\n",
       "      <td>-0.031422</td>\n",
       "    </tr>\n",
       "    <tr>\n",
       "      <th>occ_husb_5</th>\n",
       "      <td>NaN</td>\n",
       "      <td>-0.093292</td>\n",
       "      <td>0.003021</td>\n",
       "      <td>-0.001946</td>\n",
       "      <td>0.114903</td>\n",
       "      <td>-0.030926</td>\n",
       "      <td>-0.316693</td>\n",
       "      <td>-0.179838</td>\n",
       "      <td>-0.426115</td>\n",
       "      <td>1.000000</td>\n",
       "      <td>-0.187674</td>\n",
       "      <td>0.003256</td>\n",
       "      <td>0.105525</td>\n",
       "      <td>0.092462</td>\n",
       "      <td>0.053965</td>\n",
       "      <td>-0.000063</td>\n",
       "      <td>0.042540</td>\n",
       "    </tr>\n",
       "    <tr>\n",
       "      <th>occ_husb_6</th>\n",
       "      <td>NaN</td>\n",
       "      <td>-0.059107</td>\n",
       "      <td>-0.101673</td>\n",
       "      <td>0.085766</td>\n",
       "      <td>0.006016</td>\n",
       "      <td>0.218824</td>\n",
       "      <td>-0.153248</td>\n",
       "      <td>-0.087024</td>\n",
       "      <td>-0.206198</td>\n",
       "      <td>-0.187674</td>\n",
       "      <td>1.000000</td>\n",
       "      <td>0.039561</td>\n",
       "      <td>0.083212</td>\n",
       "      <td>0.042921</td>\n",
       "      <td>0.024260</td>\n",
       "      <td>0.006558</td>\n",
       "      <td>0.223167</td>\n",
       "    </tr>\n",
       "    <tr>\n",
       "      <th>rate_marriage</th>\n",
       "      <td>NaN</td>\n",
       "      <td>-0.019697</td>\n",
       "      <td>-0.053082</td>\n",
       "      <td>0.068882</td>\n",
       "      <td>-0.002109</td>\n",
       "      <td>0.008878</td>\n",
       "      <td>-0.038992</td>\n",
       "      <td>-0.022514</td>\n",
       "      <td>0.003303</td>\n",
       "      <td>0.003256</td>\n",
       "      <td>0.039561</td>\n",
       "      <td>1.000000</td>\n",
       "      <td>-0.111127</td>\n",
       "      <td>-0.128978</td>\n",
       "      <td>-0.129161</td>\n",
       "      <td>0.078794</td>\n",
       "      <td>0.079869</td>\n",
       "    </tr>\n",
       "    <tr>\n",
       "      <th>age</th>\n",
       "      <td>NaN</td>\n",
       "      <td>-0.034223</td>\n",
       "      <td>-0.066371</td>\n",
       "      <td>0.040982</td>\n",
       "      <td>0.079533</td>\n",
       "      <td>0.030676</td>\n",
       "      <td>-0.057368</td>\n",
       "      <td>0.011610</td>\n",
       "      <td>-0.048989</td>\n",
       "      <td>0.105525</td>\n",
       "      <td>0.083212</td>\n",
       "      <td>-0.111127</td>\n",
       "      <td>1.000000</td>\n",
       "      <td>0.894082</td>\n",
       "      <td>0.673902</td>\n",
       "      <td>0.136598</td>\n",
       "      <td>0.027960</td>\n",
       "    </tr>\n",
       "    <tr>\n",
       "      <th>yrs_married</th>\n",
       "      <td>NaN</td>\n",
       "      <td>0.004668</td>\n",
       "      <td>-0.021261</td>\n",
       "      <td>-0.026816</td>\n",
       "      <td>0.076820</td>\n",
       "      <td>-0.004912</td>\n",
       "      <td>-0.033451</td>\n",
       "      <td>0.008046</td>\n",
       "      <td>-0.031121</td>\n",
       "      <td>0.092462</td>\n",
       "      <td>0.042921</td>\n",
       "      <td>-0.128978</td>\n",
       "      <td>0.894082</td>\n",
       "      <td>1.000000</td>\n",
       "      <td>0.772806</td>\n",
       "      <td>0.132683</td>\n",
       "      <td>-0.109058</td>\n",
       "    </tr>\n",
       "    <tr>\n",
       "      <th>children</th>\n",
       "      <td>NaN</td>\n",
       "      <td>0.081182</td>\n",
       "      <td>-0.063298</td>\n",
       "      <td>-0.003235</td>\n",
       "      <td>0.033274</td>\n",
       "      <td>-0.026830</td>\n",
       "      <td>0.001190</td>\n",
       "      <td>-0.005538</td>\n",
       "      <td>-0.008032</td>\n",
       "      <td>0.053965</td>\n",
       "      <td>0.024260</td>\n",
       "      <td>-0.129161</td>\n",
       "      <td>0.673902</td>\n",
       "      <td>0.772806</td>\n",
       "      <td>1.000000</td>\n",
       "      <td>0.141845</td>\n",
       "      <td>-0.141918</td>\n",
       "    </tr>\n",
       "    <tr>\n",
       "      <th>religious</th>\n",
       "      <td>NaN</td>\n",
       "      <td>-0.013129</td>\n",
       "      <td>-0.034986</td>\n",
       "      <td>0.043996</td>\n",
       "      <td>0.004260</td>\n",
       "      <td>0.011784</td>\n",
       "      <td>0.009990</td>\n",
       "      <td>0.008170</td>\n",
       "      <td>-0.008491</td>\n",
       "      <td>-0.000063</td>\n",
       "      <td>0.006558</td>\n",
       "      <td>0.078794</td>\n",
       "      <td>0.136598</td>\n",
       "      <td>0.132683</td>\n",
       "      <td>0.141845</td>\n",
       "      <td>1.000000</td>\n",
       "      <td>0.032245</td>\n",
       "    </tr>\n",
       "    <tr>\n",
       "      <th>educ</th>\n",
       "      <td>NaN</td>\n",
       "      <td>-0.217719</td>\n",
       "      <td>-0.335615</td>\n",
       "      <td>0.477505</td>\n",
       "      <td>-0.022121</td>\n",
       "      <td>0.226920</td>\n",
       "      <td>-0.160756</td>\n",
       "      <td>-0.052723</td>\n",
       "      <td>-0.031422</td>\n",
       "      <td>0.042540</td>\n",
       "      <td>0.223167</td>\n",
       "      <td>0.079869</td>\n",
       "      <td>0.027960</td>\n",
       "      <td>-0.109058</td>\n",
       "      <td>-0.141918</td>\n",
       "      <td>0.032245</td>\n",
       "      <td>1.000000</td>\n",
       "    </tr>\n",
       "  </tbody>\n",
       "</table>\n",
       "</div>"
      ],
      "text/plain": [
       "               Intercept     occ_2     occ_3     occ_4     occ_5     occ_6  \\\n",
       "Intercept            NaN       NaN       NaN       NaN       NaN       NaN   \n",
       "occ_2                NaN  1.000000 -0.348075 -0.251243 -0.143237 -0.052128   \n",
       "occ_3                NaN -0.348075  1.000000 -0.560645 -0.319631 -0.116322   \n",
       "occ_4                NaN -0.251243 -0.560645  1.000000 -0.230712 -0.083962   \n",
       "occ_5                NaN -0.143237 -0.319631 -0.230712  1.000000 -0.047868   \n",
       "occ_6                NaN -0.052128 -0.116322 -0.083962 -0.047868  1.000000   \n",
       "occ_husb_2           NaN  0.183782 -0.000638 -0.083123 -0.053426 -0.046140   \n",
       "occ_husb_3           NaN -0.020904  0.090043 -0.043159 -0.044053 -0.029028   \n",
       "occ_husb_4           NaN -0.009786  0.011248  0.037341 -0.039932 -0.043541   \n",
       "occ_husb_5           NaN -0.093292  0.003021 -0.001946  0.114903 -0.030926   \n",
       "occ_husb_6           NaN -0.059107 -0.101673  0.085766  0.006016  0.218824   \n",
       "rate_marriage        NaN -0.019697 -0.053082  0.068882 -0.002109  0.008878   \n",
       "age                  NaN -0.034223 -0.066371  0.040982  0.079533  0.030676   \n",
       "yrs_married          NaN  0.004668 -0.021261 -0.026816  0.076820 -0.004912   \n",
       "children             NaN  0.081182 -0.063298 -0.003235  0.033274 -0.026830   \n",
       "religious            NaN -0.013129 -0.034986  0.043996  0.004260  0.011784   \n",
       "educ                 NaN -0.217719 -0.335615  0.477505 -0.022121  0.226920   \n",
       "\n",
       "               occ_husb_2  occ_husb_3  occ_husb_4  occ_husb_5  occ_husb_6  \\\n",
       "Intercept             NaN         NaN         NaN         NaN         NaN   \n",
       "occ_2            0.183782   -0.020904   -0.009786   -0.093292   -0.059107   \n",
       "occ_3           -0.000638    0.090043    0.011248    0.003021   -0.101673   \n",
       "occ_4           -0.083123   -0.043159    0.037341   -0.001946    0.085766   \n",
       "occ_5           -0.053426   -0.044053   -0.039932    0.114903    0.006016   \n",
       "occ_6           -0.046140   -0.029028   -0.043541   -0.030926    0.218824   \n",
       "occ_husb_2       1.000000   -0.146849   -0.347951   -0.316693   -0.153248   \n",
       "occ_husb_3      -0.146849    1.000000   -0.197588   -0.179838   -0.087024   \n",
       "occ_husb_4      -0.347951   -0.197588    1.000000   -0.426115   -0.206198   \n",
       "occ_husb_5      -0.316693   -0.179838   -0.426115    1.000000   -0.187674   \n",
       "occ_husb_6      -0.153248   -0.087024   -0.206198   -0.187674    1.000000   \n",
       "rate_marriage   -0.038992   -0.022514    0.003303    0.003256    0.039561   \n",
       "age             -0.057368    0.011610   -0.048989    0.105525    0.083212   \n",
       "yrs_married     -0.033451    0.008046   -0.031121    0.092462    0.042921   \n",
       "children         0.001190   -0.005538   -0.008032    0.053965    0.024260   \n",
       "religious        0.009990    0.008170   -0.008491   -0.000063    0.006558   \n",
       "educ            -0.160756   -0.052723   -0.031422    0.042540    0.223167   \n",
       "\n",
       "               rate_marriage       age  yrs_married  children  religious  \\\n",
       "Intercept                NaN       NaN          NaN       NaN        NaN   \n",
       "occ_2              -0.019697 -0.034223     0.004668  0.081182  -0.013129   \n",
       "occ_3              -0.053082 -0.066371    -0.021261 -0.063298  -0.034986   \n",
       "occ_4               0.068882  0.040982    -0.026816 -0.003235   0.043996   \n",
       "occ_5              -0.002109  0.079533     0.076820  0.033274   0.004260   \n",
       "occ_6               0.008878  0.030676    -0.004912 -0.026830   0.011784   \n",
       "occ_husb_2         -0.038992 -0.057368    -0.033451  0.001190   0.009990   \n",
       "occ_husb_3         -0.022514  0.011610     0.008046 -0.005538   0.008170   \n",
       "occ_husb_4          0.003303 -0.048989    -0.031121 -0.008032  -0.008491   \n",
       "occ_husb_5          0.003256  0.105525     0.092462  0.053965  -0.000063   \n",
       "occ_husb_6          0.039561  0.083212     0.042921  0.024260   0.006558   \n",
       "rate_marriage       1.000000 -0.111127    -0.128978 -0.129161   0.078794   \n",
       "age                -0.111127  1.000000     0.894082  0.673902   0.136598   \n",
       "yrs_married        -0.128978  0.894082     1.000000  0.772806   0.132683   \n",
       "children           -0.129161  0.673902     0.772806  1.000000   0.141845   \n",
       "religious           0.078794  0.136598     0.132683  0.141845   1.000000   \n",
       "educ                0.079869  0.027960    -0.109058 -0.141918   0.032245   \n",
       "\n",
       "                   educ  \n",
       "Intercept           NaN  \n",
       "occ_2         -0.217719  \n",
       "occ_3         -0.335615  \n",
       "occ_4          0.477505  \n",
       "occ_5         -0.022121  \n",
       "occ_6          0.226920  \n",
       "occ_husb_2    -0.160756  \n",
       "occ_husb_3    -0.052723  \n",
       "occ_husb_4    -0.031422  \n",
       "occ_husb_5     0.042540  \n",
       "occ_husb_6     0.223167  \n",
       "rate_marriage  0.079869  \n",
       "age            0.027960  \n",
       "yrs_married   -0.109058  \n",
       "children      -0.141918  \n",
       "religious      0.032245  \n",
       "educ           1.000000  "
      ]
     },
     "execution_count": 5,
     "metadata": {},
     "output_type": "execute_result"
    }
   ],
   "source": [
    "X.corr()"
   ]
  },
  {
   "cell_type": "code",
   "execution_count": 6,
   "id": "234c5c35",
   "metadata": {},
   "outputs": [],
   "source": [
    "X.drop(\"Intercept\",axis=1,inplace=True) # as correlation is NaN"
   ]
  },
  {
   "cell_type": "code",
   "execution_count": 7,
   "id": "c187bc9e",
   "metadata": {},
   "outputs": [
    {
     "data": {
      "text/plain": [
       "occ_2             0.0\n",
       "occ_3             0.0\n",
       "occ_4             0.0\n",
       "occ_5             0.0\n",
       "occ_6             0.0\n",
       "occ_husb_2        1.0\n",
       "occ_husb_3        0.0\n",
       "occ_husb_4        0.0\n",
       "occ_husb_5        0.0\n",
       "occ_husb_6        0.0\n",
       "rate_marriage     4.0\n",
       "age              22.0\n",
       "yrs_married       2.5\n",
       "children          0.0\n",
       "religious         1.0\n",
       "educ             14.0\n",
       "Name: 44, dtype: float64"
      ]
     },
     "execution_count": 7,
     "metadata": {},
     "output_type": "execute_result"
    }
   ],
   "source": [
    "X.iloc[44]"
   ]
  },
  {
   "cell_type": "code",
   "execution_count": 8,
   "id": "3b429856",
   "metadata": {},
   "outputs": [],
   "source": [
    "X_train, X_test, y_train, y_test = train_test_split(X, y, test_size=0.3, random_state=0)\n"
   ]
  },
  {
   "cell_type": "code",
   "execution_count": 14,
   "id": "5cc35f18",
   "metadata": {},
   "outputs": [],
   "source": [
    "from sklearn.pipeline import make_pipeline\n",
    "from sklearn.preprocessing import StandardScaler"
   ]
  },
  {
   "cell_type": "code",
   "execution_count": 15,
   "id": "01fce3fb",
   "metadata": {},
   "outputs": [
    {
     "data": {
      "text/plain": [
       "Pipeline(steps=[('standardscaler', StandardScaler()),\n",
       "                ('logisticregression', LogisticRegression())])"
      ]
     },
     "execution_count": 15,
     "metadata": {},
     "output_type": "execute_result"
    }
   ],
   "source": [
    "pipe = make_pipeline(StandardScaler(), LogisticRegression())\n",
    "pipe.fit(X_train, y_train)"
   ]
  },
  {
   "cell_type": "code",
   "execution_count": 20,
   "id": "29132ad3",
   "metadata": {},
   "outputs": [
    {
     "data": {
      "text/plain": [
       "0.7303664921465969"
      ]
     },
     "execution_count": 20,
     "metadata": {},
     "output_type": "execute_result"
    }
   ],
   "source": [
    "pipe.score(X_test, y_test)"
   ]
  },
  {
   "cell_type": "code",
   "execution_count": 21,
   "id": "570a3100",
   "metadata": {},
   "outputs": [],
   "source": [
    "import bz2,pickle\n",
    "file = bz2.BZ2File('logistic_regression.pkl','wb')\n",
    "pickle.dump(pipe,file)\n",
    "file.close()"
   ]
  }
 ],
 "metadata": {
  "kernelspec": {
   "display_name": "Python 3 (ipykernel)",
   "language": "python",
   "name": "python3"
  },
  "language_info": {
   "codemirror_mode": {
    "name": "ipython",
    "version": 3
   },
   "file_extension": ".py",
   "mimetype": "text/x-python",
   "name": "python",
   "nbconvert_exporter": "python",
   "pygments_lexer": "ipython3",
   "version": "3.9.12"
  }
 },
 "nbformat": 4,
 "nbformat_minor": 5
}
